10
3708
24
96
56
37
57
62
58
39
91
21
5
83
56
85
13
57
89
56
35
59
50
89
66
85
75
9362
19
33
40
97
19
52
53
72
98
55
76
26
98
38
25
3
20
68
48
18
9076
9
91
47
50
15
14
70
88
6
77
9343
22
74
99
43
14
10
7
1
14
35
14
10
19
2
3
3
23
1
41
83
19
70
48
5119
7
9
79
77
8
75
12
35
5268
9
97
15
33
69
99
72
32
55
1
4877
19
1
66
25
57
30
6
91
75
52
28
97
50
96
98
20
66
57
22
42
7989
24
14
4
3
21
98
94
59
12
22
8
80
14
96
20
21
12
9
17
42
45
51
73
86
31
2972
7
28
72
56
73
9
10
77
4167
19
33
60
37
98
33
11
7
76
44
79
70
7
47
45
72
33
43
25
24
