5000 5000
0
1 4424
0
0
0
1 1106
0
2 1330 3632
0
2 552 3729
1 1810
2 2722 2090
2 3589 1031
0
0
1 1141
0
2 1719 3470
1 199
0
1 1758
1 2499
2 2053 455
0
1 4328
0
2 3741 4068
1 3222
2 4010 543
0
1 1504
0
1 2217
1 1050
2 1165 1119
0
2 2528 1599
2 3065 219
2 653 3234
0
2 2889 2546
1 1379
1 947
2 62 935
2 766 4925
0
1 1957
1 4404
0
2 2022 2360
0
0
1 3513
0
2 400 1330
1 1211
0
1 3045
2 605 4728
1 3996
0
2 1652 4152
1 405
0
0
2 853 2531
1 262
1 4206
0
1 1353
0
0
0
1 4052
0
1 2765
2 2769 4802
0
1 918
0
0
2 2786 607
1 3872
2 2300 2278
2 3011 432
0
2 2060 530
2 4949 3113
0
2 2032 4057
0
1 25
0
0
0
2 712 114
0
2 2016 2680
1 498
1 1410
1 156
1 3227
1 4897
2 3088 1987
1 4511
2 2976 4878
2 4171 1872
0
1 2046
0
1 4220
0
1 1274
0
1 1762
1 4887
1 3218
1 1295
1 4342
2 1223 4036
2 2700 4648
0
0
2 585 2734
2 1211 1446
1 4194
2 4764 1967
2 3604 383
0
1 1641
2 4816 4860
1 4363
2 2469 1679
1 4019
2 882 180
1 1220
0
0
0
0
2 3770 1313
0
0
0
0
1 1694
1 4545
1 3328
2 687 4254
1 4557
2 677 2551
1 2128
2 1427 848
2 3454 3767
1 3538
1 2217
1 527
2 2314 2839
0
2 3883 2530
1 2996
1 605
0
0
2 3535 720
0
0
2 1245 62
2 4332 3484
1 3654
0
1 900
2 211 2082
2 3130 4299
0
2 1768 1517
0
1 290
0
1 1351
2 4046 2149
0
2 389 451
1 2190
1 1758
2 1197 1338
1 2044
0
2 1887 4697
1 3614
0
1 2327
0
0
0
1 3192
2 1589 1344
1 3848
2 3464 425
2 1955 4254
1 578
1 830
1 2025
1 2858
0
1 1424
0
1 4935
0
1 2105
0
0
2 1943 2754
2 2509 1231
1 4187
2 1804 479
1 1049
1 4179
2 408 4017
0
0
1 2364
0
1 2692
1 2603
0
1 1504
2 3279 1600
0
1 1555
0
2 3257 3759
2 3463 3344
1 4078
2 3548 2967
0
2 3440 815
1 3004
0
2 3464 542
1 2981
0
2 1824 2676
2 2748 1026
1 2738
1 3456
0
1 2517
1 1674
0
2 798 1024
2 3967 1297
0
0
1 4440
0
1 174
0
0
0
0
0
1 3217
1 3497
0
2 4847 836
1 1119
2 250 3199
1 1306
2 1838 1050
0
1 3903
0
1 1311
0
0
0
2 360 180
2 181 2159
1 669
2 3564 324
0
0
0
2 1034 641
1 4609
0
1 1427
2 4811 3551
2 1864 1595
2 2324 461
1 2408
1 4211
2 2373 4836
1 242
1 120
0
1 1986
0
2 3698 1563
1 4210
2 3933 63
2 410 4719
2 828 2702
2 356 3325
1 4223
2 4321 7
1 2841
2 3451 3415
1 3675
0
0
0
2 4519 144
2 4956 343
1 2527
2 223 3518
1 3036
1 2754
2 4759 2809
0
2 4666 1857
0
2 1587 4395
0
1 2095
1 2689
0
2 262 1653
1 4720
2 4283 4111
2 1635 1658
1 145
1 3599
0
1 3157
0
1 3273
1 3246
0
0
1 1694
2 4548 205
1 678
1 590
2 789 2895
0
1 803
2 199 4742
1 4528
2 4708 4670
0
2 973 787
0
0
0
0
1 1119
1 4484
2 2227 3727
1 927
1 3836
1 1335
2 108 3596
2 1959 1036
0
2 4641 2365
0
0
2 2492 2551
1 825
1 3131
0
2 4465 1131
0
1 4209
0
1 3028
2 4682 55
0
2 1396 2242
2 1745 3045
2 3300 362
0
0
1 4323
0
1 3881
1 2764
0
1 2814
0
2 4877 4395
0
1 937
0
2 2110 389
0
2 3822 3639
1 595
1 4026
1 1551
1 4670
1 3237
1 2211
2 3621 752
2 4354 4282
0
1 3676
2 2904 726
0
1 1838
0
1 2177
2 1423 2274
2 3800 3869
2 4370 1981
2 238 2129
1 2971
2 2723 4258
1 1994
1 2425
2 1363 3703
2 803 2119
2 1303 3659
1 2327
2 533 830
1 4496
1 4279
1 2620
1 428
1 1907
0
0
0
1 4827
1 265
0
2 3210 289
1 122
1 976
1 1142
2 1026 159
1 3524
2 3458 633
0
0
2 232 3258
0
2 1067 1296
2 3830 4228
1 3133
1 832
2 3626 4846
0
0
2 772 3892
0
0
0
1 2257
2 3713 157
2 3590 2965
2 802 2541
0
0
1 2689
1 4851
2 2105 2979
0
1 4703
0
1 4650
1 2583
2 3917 2657
2 684 4462
1 4346
1 3922
0
0
2 4385 643
2 4043 3250
2 4195 203
1 2503
0
2 2158 4674
1 4441
2 2697 2007
2 3376 737
2 1382 2668
1 1106
1 4664
2 2560 1228
1 3887
2 1318 3952
0
1 4655
0
1 3993
0
0
0
2 362 103
2 4058 3467
2 4687 3496
0
0
2 3439 3614
1 2606
2 203 4409
2 4520 3497
2 2761 2926
1 1888
1 4824
2 4058 836
0
2 415 4591
2 4014 1529
1 4416
2 2391 1188
0
0
1 450
1 3650
1 3298
1 534
1 331
1 4525
0
1 3187
0
0
0
0
1 2310
2 2147 1762
2 3551 851
1 3351
2 1964 1716
2 3197 2416
0
1 775
1 2849
1 429
2 3105 2680
1 724
1 2544
2 4753 3279
2 3139 1455
1 3970
1 1278
0
0
2 1796 2520
1 617
2 2229 1041
2 1860 731
2 2922 807
2 3122 806
0
0
0
0
0
0
2 3733 551
2 486 795
2 4666 1643
0
1 1435
1 3702
1 3515
1 2499
0
0
1 4284
1 4006
1 4946
1 1311
1 640
2 690 2795
1 714
0
2 1670 1035
1 1217
2 1883 983
0
2 2697 4917
2 3025 2360
1 4448
2 1202 3539
2 141 3360
2 420 3579
1 737
0
2 791 3021
2 4100 2072
1 2890
1 790
1 2101
1 2598
2 4815 2665
2 3924 847
1 3712
0
2 4744 336
2 782 3033
1 4452
1 369
1 181
2 3129 4232
2 2186 4053
2 3136 1845
2 2947 149
2 2474 2636
1 785
0
0
0
2 75 4871
0
2 258 3435
1 4384
2 1908 4750
0
2 3846 255
2 3647 4712
0
0
0
1 3847
0
1 776
0
0
1 3645
0
2 4971 1235
1 4948
2 176 1483
1 2083
0
1 2148
1 4015
1 1922
1 4650
0
0
1 2141
1 1346
1 1169
0
0
1 2246
0
0
1 3575
1 2568
1 1666
2 3400 3554
1 1759
1 4652
1 2285
1 3135
2 1043 1816
0
2 1478 406
2 2115 2781
0
2 408 1118
0
0
0
0
0
0
1 418
2 724 4419
1 4869
1 3748
2 365 2382
1 4484
1 3354
2 3741 2034
2 2638 452
2 1671 3601
2 3252 4271
0
0
2 2903 1294
1 3808
2 659 1130
1 4398
2 4214 533
1 4678
0
0
2 1377 3494
0
2 1185 630
2 231 192
1 955
2 4901 4005
0
1 3664
0
2 875 470
0
0
0
2 2902 1873
1 4956
2 3855 405
2 3193 3210
2 4130 896
1 3691
2 2534 2937
1 2375
0
2 2897 2469
2 4453 3430
1 1704
1 4927
1 2958
1 1077
2 1873 4243
0
0
1 1146
2 2943 1767
0
0
2 990 3033
0
0
0
2 2925 429
0
1 1531
2 351 2625
0
0
0
0
1 2123
0
2 1981 619
1 3711
1 2404
2 4018 3716
0
1 4811
2 446 2428
2 501 4216
1 4829
0
2 1094 4155
0
2 2393 4048
0
0
1 1406
1 2616
0
0
2 694 4027
1 2926
0
1 4176
1 14
0
1 3577
0
1 4792
2 12 2349
0
1 3259
1 3649
0
2 2245 1623
2 3343 3092
0
2 4186 4126
2 1011 470
2 1722 1413
0
0
0
0
1 3051
0
1 4888
1 2937
2 859 3236
1 3301
1 244
1 2307
1 2054
1 3128
1 247
2 4182 2132
1 4968
2 4647 869
2 3585 3564
1 4217
0
0
2 3307 2229
2 2862 1946
0
1 1408
1 2706
2 1916 4158
0
1 231
0
1 1944
2 829 4859
0
0
0
0
0
2 4361 1417
2 1651 1669
2 4791 3985
1 3079
0
0
0
1 415
2 445 1397
1 3537
0
0
2 4038 4302
2 1250 2184
1 3978
1 3093
1 3826
2 1406 117
1 3642
1 3003
0
0
2 1058 3523
2 4865 3998
0
1 342
1 3837
0
1 74
0
2 4675 2385
1 775
2 4586 3346
1 2177
1 1622
0
1 931
1 2816
0
0
2 3251 1629
2 490 3760
1 4276
1 1678
1 4110
0
0
1 1959
2 4811 1373
0
1 3782
2 35 593
2 1248 3042
2 2852 2851
1 1117
2 789 3847
1 97
0
2 4484 4564
0
2 2789 4294
0
0
0
1 3509
2 2668 1026
1 1619
1 1841
1 1557
1 4579
1 4643
2 4545 373
2 2636 1457
0
0
1 995
2 1112 556
2 193 141
2 3086 608
0
0
2 2365 1994
1 2186
0
1 523
2 4065 1556
2 2481 298
0
0
2 758 2580
1 4044
0
2 2111 4167
1 1308
1 2699
1 1948
1 4573
1 4153
0
2 435 1360
1 1441
0
1 4203
0
2 2993 685
2 1645 3905
0
1 1545
1 3579
2 1726 218
1 1761
2 2660 3380
2 294 549
1 1933
1 2738
0
0
0
1 3688
0
2 3202 243
0
1 973
2 1677 2720
1 2480
2 4117 1317
0
2 4752 2841
0
2 2618 3565
0
0
1 3235
0
1 2212
1 2109
2 4657 4477
0
0
0
1 3899
1 2510
2 3236 3596
1 195
1 3335
0
0
0
0
2 2349 1827
2 2382 227
1 110
1 4952
1 4846
1 2255
1 1653
0
1 2994
1 1567
0
0
2 2338 2804
2 2350 2137
1 3798
0
1 3431
2 4723 2211
2 615 1864
2 2438 334
1 4269
2 752 1343
0
1 2695
0
2 702 694
0
2 2904 1612
2 1016 4110
2 1017 130
0
0
0
2 3338 221
0
2 1345 968
0
1 1977
2 862 2691
0
0
0
2 2256 530
2 1988 2465
0
0
2 2478 3601
0
2 1280 961
1 119
0
2 611 4511
0
2 4364 4721
2 948 1799
2 4571 2368
1 950
0
1 4996
1 1999
1 1249
1 1121
2 701 4681
2 2040 2484
1 4557
0
0
0
2 22 930
0
0
1 4107
2 4829 187
0
1 589
2 3180 2258
2 637 1308
2 4470 4980
0
2 4799 2564
1 1422
2 1087 3162
0
2 799 1849
1 4159
1 616
0
1 1086
1 504
0
2 4513 1793
2 1860 3948
2 972 2029
1 2243
0
2 2622 2601
1 1655
1 972
2 1844 2699
1 1933
2 4420 2574
2 2896 1135
2 4503 3901
0
2 878 2563
2 1048 3670
1 3228
1 1327
0
0
1 243
1 2563
0
1 4127
1 2
2 4926 731
1 4743
2 1892 102
1 1088
2 1922 1335
2 2511 662
2 4391 3188
2 4320 2836
2 1648 784
0
2 3183 1159
2 424 4824
2 4203 1871
2 3201 4587
1 1985
2 3439 2858
2 2087 2174
0
0
1 90
2 1745 803
0
0
0
0
1 476
1 4200
2 315 4846
2 2373 2416
1 772
0
0
0
0
1 4845
2 3520 1216
0
0
1 4741
2 2252 2138
1 4146
2 559 2247
0
0
1 1385
1 4323
1 1419
1 4873
2 1665 3344
1 4644
1 1008
0
2 4401 3296
1 949
0
1 4627
0
0
0
1 1698
1 2903
2 3875 4305
2 2411 3158
1 162
1 1019
2 4928 3755
2 1022 3798
0
2 2522 4387
2 2841 3491
0
0
1 898
2 1321 3484
1 692
1 705
2 4665 471
1 4136
0
0
2 372 1425
2 4747 2615
1 4680
1 4031
0
2 3323 1057
2 3527 3190
2 4123 844
0
2 2729 4901
2 1317 978
1 3181
1 1254
2 3453 3626
0
2 136 721
0
2 3157 2305
1 3304
0
2 2574 4213
0
2 3081 1301
2 4602 1474
2 4611 4195
2 3233 393
0
1 2616
1 2947
0
2 2456 4572
0
2 1758 3420
0
2 3205 3829
1 3233
0
1 2348
0
1 976
2 4475 3722
0
2 1227 3464
0
0
2 2479 718
0
2 1494 2654
2 1741 936
1 854
0
1 1454
2 3748 919
0
0
2 1885 3564
1 1937
2 1430 2066
2 1362 3380
0
2 4785 1534
0
2 2588 2181
1 1266
2 3141 552
2 1971 2825
2 2808 340
1 2232
0
1 869
0
0
0
0
1 2521
1 2048
0
0
0
0
2 4094 593
2 3146 3737
0
1 3663
2 1088 1857
0
0
0
0
2 1014 1638
1 4829
2 801 3878
0
2 1702 3752
2 650 1588
2 2625 2927
2 1125 4201
1 517
0
0
2 1789 2598
0
2 4287 1343
1 2782
0
2 4934 3538
2 4960 4696
1 4708
2 655 4535
2 2511 615
1 960
0
0
0
0
1 4805
1 1041
0
0
0
0
0
0
0
0
2 235 3691
1 1933
1 1057
2 440 4940
1 2769
0
2 1013 2949
0
2 842 1849
1 4427
0
2 1317 1578
0
1 2983
0
0
0
1 2396
0
1 1548
2 4327 3617
0
2 2186 4265
2 3490 3950
2 1715 697
0
2 2158 4397
2 2936 2655
1 2886
1 4491
2 3648 3931
2 1612 3458
0
1 2088
0
2 2504 1530
0
2 103 237
1 3119
1 3704
2 4658 4141
2 4647 1145
0
2 2368 1455
2 1834 3329
1 4900
0
0
1 178
2 2095 1408
2 240 3124
0
2 2073 3405
2 1155 4072
2 2470 4618
2 4545 3208
2 3211 4130
2 3565 4350
0
1 537
0
2 4536 1431
0
1 4202
2 566 1674
0
1 4478
0
0
1 917
0
2 1776 2076
1 941
1 2558
2 4084 1687
2 4117 1324
2 366 1260
0
2 2238 1341
1 19
2 1516 1855
1 3771
1 2490
1 3621
2 4501 2687
1 2701
2 4247 3901
0
2 2176 3420
1 1719
0
2 2408 4568
1 3956
0
0
1 3209
2 476 1070
2 696 19
0
2 2467 1279
0
1 4467
2 1977 3312
2 687 2442
2 4589 809
2 519 4818
0
0
0
2 3469 3026
2 3094 3735
2 2080 1663
2 715 916
1 3035
2 1401 389
0
1 4817
2 4496 2109
1 1874
0
2 3574 1132
1 257
2 553 4841
1 2583
0
1 4304
1 3840
1 742
0
0
0
2 2159 4768
0
2 4872 3047
2 4553 3460
1 3807
0
2 1548 2557
0
2 3897 2110
1 731
0
1 2547
2 363 1769
2 2816 4435
2 4473 677
1 4313
0
2 3340 2799
2 4342 196
2 967 4046
0
2 2233 3975
0
1 2009
1 441
1 774
0
2 627 3773
2 4602 4147
0
1 4283
1 2322
0
0
1 1483
2 3081 955
1 2161
2 4638 3100
2 1308 2056
1 618
2 490 3412
2 3184 4365
2 2278 218
0
0
0
2 3706 4480
2 2496 4876
1 4858
0
1 4031
0
0
2 3153 944
0
2 3337 3037
0
2 3904 3604
1 1202
2 4542 2139
1 1931
1 1291
0
2 4041 4455
1 952
2 4549 3836
2 1760 2189
0
2 3822 2792
0
1 822
0
2 511 2235
2 1969 214
1 2716
2 1101 750
1 2236
1 4536
2 3039 2950
1 1278
1 2898
2 4737 3206
1 4888
1 2225
0
1 1412
1 2509
1 4383
2 2768 4936
0
0
1 1338
2 4761 1901
2 542 4250
1 1844
1 2873
2 2102 1462
1 486
0
0
1 3711
1 3779
2 3245 4751
2 3317 2685
0
2 4167 3486
0
1 3113
2 2138 1077
1 3087
1 1418
2 340 2560
0
0
0
1 4708
0
2 647 693
1 3178
1 875
2 3813 2730
1 1770
2 3171 2194
1 6
0
0
0
0
1 4341
0
0
2 673 361
1 1625
0
2 4149 397
1 304
0
2 2395 1166
2 3229 462
1 4025
2 4188 1289
2 4150 2786
0
1 4992
1 3214
2 2897 3183
0
1 4943
1 4687
0
1 4460
2 269 4645
1 4393
1 455
0
1 4281
1 4773
0
0
2 386 3318
0
1 197
1 727
0
1 1385
0
0
2 4792 4860
2 4820 2750
1 2459
0
1 384
2 1288 142
1 97
2 2919 1973
2 1434 2994
0
1 2627
1 1658
1 4562
1 1964
0
0
0
0
0
2 4512 4781
2 1457 3680
2 703 2294
0
2 454 291
1 1201
2 1963 2992
1 2874
0
2 527 4433
1 2721
1 4804
2 1079 3077
0
2 4901 3921
0
1 462
0
2 4710 1607
2 539 4430
2 4014 3653
2 2843 3274
1 349
1 1771
0
1 843
2 1669 3864
0
2 4639 3517
0
2 1855 3946
1 1111
0
1 572
0
0
0
0
2 1462 1609
0
2 3030 962
0
2 363 3671
2 4918 2395
2 2863 4114
1 3895
0
1 435
0
0
1 3440
2 2728 4763
1 3301
0
2 1438 2980
1 1885
2 4636 490
0
2 2590 3278
2 372 2500
2 893 2502
2 4252 4881
1 2160
2 2222 2993
1 2464
2 454 3180
1 3243
0
1 1946
2 315 1455
0
0
1 2900
2 423 291
1 4953
2 338 1681
0
2 3571 4569
0
2 4367 3511
2 3018 751
0
1 1643
2 2140 1073
2 1242 3364
1 3019
1 697
1 973
1 3714
1 3125
0
0
2 2949 1725
0
1 3885
0
2 1257 225
2 2347 1576
1 1143
0
0
2 3592 20
1 1599
0
0
1 3473
2 4015 4575
1 397
1 4284
0
1 3740
2 4449 2472
2 1608 3096
1 4588
0
1 2377
0
2 958 3213
0
2 3706 342
1 3388
2 4109 4381
2 1519 4465
0
2 4135 2072
1 1677
2 976 701
1 2812
0
1 4062
0
1 3144
1 4656
1 741
1 516
2 3117 352
2 2173 688
2 4775 2601
0
2 3108 2082
1 4654
0
0
2 2814 4979
0
0
1 4300
2 2850 2968
0
1 1589
2 426 3794
0
2 2232 4812
1 2622
1 4598
2 3092 3055
1 3594
1 3315
2 2769 2149
2 4290 3482
1 4580
1 3941
2 2145 4752
0
1 1808
2 4875 3778
1 4173
1 887
2 347 4258
0
1 598
2 2633 537
1 1880
1 3540
1 1641
0
0
2 1428 675
1 4166
1 958
0
1 3654
2 4061 3504
2 2692 187
0
2 1855 4589
1 2931
1 2614
1 123
1 536
2 74 4958
2 3456 3632
2 4860 4694
1 2391
2 4832 296
0
1 889
2 1334 3407
0
2 178 1084
1 2552
2 3732 4582
0
2 3701 3504
2 3709 1524
2 2161 4836
1 3802
1 789
2 1439 3399
1 3897
2 4840 3344
1 1148
1 3289
0
0
0
2 3242 4013
2 4272 3953
2 1496 315
1 244
1 1853
0
2 699 3089
1 3186
1 238
0
0
1 51
1 3664
2 635 4059
0
2 2673 4427
0
2 2700 1638
0
1 4738
1 2764
1 1338
1 2136
0
0
0
2 4813 3157
2 2020 1353
1 3217
1 669
0
0
0
1 4424
1 2883
0
1 37
0
2 809 878
0
2 3005 4125
1 2550
2 105 3419
1 1170
0
2 3863 1537
1 1933
0
1 4239
0
0
2 395 3677
0
0
0
0
1 1058
1 315
0
1 785
1 3518
2 3122 1668
0
1 4245
2 3655 775
2 3940 239
0
2 924 4483
2 2589 307
0
2 1318 4153
2 2334 4677
2 4280 2534
2 4014 666
2 53 1465
2 2133 2620
1 3526
0
1 484
0
0
1 4788
1 995
2 1673 461
1 3905
2 200 303
2 3567 3076
1 4196
1 1142
1 2614
2 3048 195
2 3620 710
0
1 2466
1 3698
2 4760 22
2 1756 3617
1 109
0
2 294 4005
0
0
0
0
0
1 3908
0
2 696 40
0
1 4187
1 3475
0
1 4272
1 2193
1 4410
1 3395
1 4098
2 4980 3292
1 1860
2 1067 3288
2 2113 554
2 368 2100
2 2670 445
0
0
2 3118 371
1 4980
0
0
0
2 559 3122
2 4870 2249
0
0
1 1971
1 4685
1 4009
1 4273
1 1901
1 2120
0
0
2 2733 2421
2 1602 1131
0
2 3601 4960
0
2 2990 1109
0
0
0
1 376
0
0
2 4542 1184
2 3647 571
0
2 84 347
1 4535
1 1761
0
1 2261
0
1 1547
0
1 2633
0
2 76 2569
2 4333 192
1 2596
0
2 3569 1599
1 3540
1 3687
0
0
2 275 3460
2 2985 580
2 3803 4748
1 1546
2 2580 4875
1 4643
2 2350 4278
2 1921 4473
1 1260
1 489
0
0
1 3502
2 3127 4763
2 4437 967
0
1 3310
1 1661
1 2092
2 3121 2831
1 2684
0
0
1 456
2 913 387
1 4057
2 3141 2673
1 34
1 2558
2 680 1528
2 334 503
0
1 3755
2 4293 33
0
0
1 4084
0
0
0
1 3857
1 3697
0
0
0
0
0
2 3555 2896
2 2915 3839
2 4720 2584
0
1 703
2 4620 2564
2 4615 3398
1 2285
0
0
2 2062 3456
1 237
2 1602 3500
2 1708 1797
0
2 2712 42
2 3713 3302
0
0
2 2935 4067
1 1828
1 412
0
0
2 48 4721
1 1584
1 4312
1 656
1 3857
1 4152
2 3882 4711
1 4656
1 339
2 397 4162
0
1 2885
0
0
2 280 164
2 2903 605
0
1 3329
0
1 521
2 3975 853
0
2 4031 1614
2 2061 281
1 798
1 1950
1 2759
2 816 4052
0
1 3686
1 3706
1 3939
2 414 554
0
0
0
2 2419 797
2 1202 4280
2 1385 2335
0
0
1 2326
2 1773 153
1 2732
0
2 2917 2528
1 4311
1 3952
1 153
0
0
0
0
2 648 3516
0
2 4953 666
2 3374 106
1 3732
1 111
1 1998
2 3180 218
1 3344
2 4372 2050
2 2156 4749
1 2327
2 3252 79
1 675
2 4877 1740
1 158
2 3529 385
1 2885
1 2907
1 280
1 2246
2 2293 1421
0
0
0
2 990 2994
0
1 184
2 3077 2113
2 1164 1847
0
0
0
1 223
2 1061 1138
1 303
2 2064 4381
0
1 4981
1 575
0
1 3785
2 1782 2253
2 1562 2390
0
0
0
0
2 1642 3178
2 3776 4101
0
0
2 3800 1085
2 3320 3632
1 3545
0
2 2207 375
1 314
1 2342
2 2482 1127
2 615 4845
0
2 2531 4458
2 1086 3562
2 842 3147
1 3629
1 4121
1 848
2 3396 4965
1 4624
2 1352 2078
0
2 2327 228
2 3650 401
1 193
2 2720 1509
0
2 2965 4883
2 2337 1658
0
1 79
1 721
0
2 4587 2930
0
1 1726
0
2 859 41
0
2 2783 2109
0
0
0
0
1 1827
1 979
0
1 1259
2 4824 1825
1 4573
0
0
2 4878 2211
1 2025
2 2675 4536
0
1 634
1 1236
2 593 4279
0
1 429
1 3533
0
1 3100
2 4906 1583
2 417 4514
2 2646 4569
2 2076 1854
0
0
1 4287
0
0
0
1 2112
2 2292 3717
0
0
1 4531
2 1829 2761
0
2 1810 2490
2 4934 2939
1 1663
2 3841 109
1 3370
1 3146
2 4492 3678
1 2711
0
2 2491 189
0
1 3267
1 2205
2 1761 2178
1 3923
1 4139
2 2688 4866
2 103 1467
0
1 4367
1 4309
1 4888
2 1227 1473
1 3942
1 1676
0
1 3941
2 3594 1083
1 2543
1 1188
2 1567 3342
0
2 3984 1924
0
1 1940
0
0
2 4399 865
0
1 4377
1 2040
0
2 2888 2828
1 1181
2 1471 4430
1 1583
0
0
2 282 1126
2 1636 1467
0
1 3474
0
1 277
1 3491
2 4766 224
0
2 2605 4553
0
1 3037
0
0
2 3906 3483
1 4225
0
0
0
1 4087
1 1570
0
2 2896 1265
0
1 3259
0
2 1879 3527
2 3215 395
2 2602 2506
0
2 120 3623
2 2899 3777
1 1078
1 4118
2 2891 2011
0
2 4567 2023
2 3351 2902
1 1089
1 2743
1 1680
1 739
1 3687
0
2 3331 2671
2 993 2556
1 930
0
0
0
2 3901 1713
2 4528 3791
2 380 4007
2 2878 2881
1 4719
2 4674 2880
0
1 4287
2 2362 3898
2 1289 183
1 3874
2 2091 2430
1 2288
1 569
0
2 2699 3819
2 3417 4021
0
1 3615
2 75 1633
1 4024
1 1195
1 4898
1 2839
0
2 4627 2499
0
0
1 2493
2 1419 423
1 3619
2 3869 2144
1 1309
1 576
1 1767
1 1539
1 2641
0
0
0
2 3572 564
2 1824 3655
0
1 4829
1 1660
0
0
1 2377
0
0
0
0
0
1 3243
0
2 1999 2079
1 794
0
2 1591 4648
2 1360 3801
0
1 1673
0
1 1931
2 1079 3634
1 1992
0
0
0
0
2 199 3347
0
1 949
2 874 844
2 1252 3070
0
2 840 23
2 2094 2841
1 2424
0
2 3675 840
1 3268
0
1 2881
2 3890 1743
0
1 2984
1 1261
2 846 24
2 713 28
1 399
1 2516
0
1 2278
1 1393
2 563 1472
2 4412 3324
1 4549
1 2833
0
1 2544
1 4492
1 1335
1 3184
0
1 800
0
2 4840 3828
1 2612
2 3110 4523
0
2 4520 286
0
2 1488 4123
2 2389 2338
0
1 220
2 730 2432
0
0
1 2126
0
1 4838
0
2 4572 4424
1 146
0
2 3049 609
1 529
0
1 3454
2 1338 4560
0
1 4321
2 2464 4444
2 1538 4985
1 1097
1 3399
1 501
1 1955
1 3998
1 4897
0
1 837
2 3295 1780
1 4017
2 1166 4436
1 2797
0
0
1 2697
2 4802 3940
1 340
1 2910
1 3164
2 3429 2071
0
2 612 4665
1 1806
1 2832
2 3750 1661
2 4189 3179
2 1664 3198
2 1922 1237
0
2 1928 468
2 2497 2184
1 785
1 611
1 1623
0
1 1135
0
0
0
0
1 834
1 1182
1 604
1 2300
1 1679
2 1099 4128
1 331
1 2187
1 1185
1 3369
0
1 4950
0
1 348
0
1 3714
0
2 1203 783
0
0
2 527 3244
2 2541 906
0
0
2 1093 4027
0
0
1 3437
1 251
2 4754 2601
1 1631
2 3717 2954
2 4088 989
1 3202
0
1 1501
2 2729 675
0
1 1528
1 463
0
2 179 592
1 2210
0
2 2910 4216
2 4910 687
0
1 3443
1 2551
1 1429
1 3100
2 3480 1741
2 4776 3299
2 4014 850
2 1425 3647
2 3944 2712
2 2716 3598
1 3771
2 2987 781
1 2418
2 2472 2000
1 4495
1 392
1 2145
0
2 3071 1511
2 4386 1992
1 3859
1 239
2 1742 174
0
2 861 2256
1 1280
1 545
2 4670 540
2 4480 3177
0
0
1 4417
2 3646 2786
1 4479
1 750
1 2822
2 1000 4451
0
2 3484 2870
1 2947
0
2 1750 3449
1 3308
0
0
1 1780
1 1421
0
0
0
2 4458 3525
1 4379
0
2 2526 131
0
0
1 4266
2 4056 962
0
2 107 3391
0
0
0
0
0
1 3155
0
2 4707 4052
1 587
0
0
0
1 4401
2 433 2741
2 1741 441
2 1226 2144
0
2 3365 151
0
0
2 4132 4355
0
2 4148 980
2 3123 1767
1 3299
0
1 1168
2 4153 3913
0
0
1 3367
0
2 1245 2127
0
0
0
0
1 904
2 3700 4746
1 3399
2 1584 357
0
1 560
1 632
1 4658
2 3977 2031
0
2 553 4193
1 1462
2 3974 1372
2 81 707
2 2810 3231
2 700 3588
1 1151
0
0
2 2111 236
2 2865 2653
0
1 453
0
0
1 3769
1 1459
2 3268 4905
1 1534
0
1 1023
2 3162 2797
0
1 4288
0
0
2 1677 2962
0
2 3243 2446
0
0
1 583
0
0
2 86 55
1 4529
2 1796 3112
1 78
2 2006 3522
2 3389 3762
2 2830 1330
0
0
1 3737
0
1 2539
0
2 453 2253
2 256 854
2 3815 1362
1 4807
2 645 3883
0
2 4329 3214
2 1501 3269
2 4050 1245
0
1 4626
2 48 913
2 3056 3439
2 809 3207
2 1777 3299
1 709
2 2794 1559
2 2031 4811
1 2830
0
2 4098 909
2 2115 1012
2 1474 1465
0
0
0
0
0
2 1539 2092
2 934 2597
1 1807
2 4963 3487
0
0
0
2 332 4844
0
2 1454 2183
0
1 1159
2 1285 4847
2 1415 539
2 2527 354
1 3619
1 1565
0
1 1597
0
0
2 2051 1695
1 1795
2 4317 4377
1 4584
1 3326
0
2 4002 1248
0
1 2572
2 3726 4220
0
0
0
0
1 4954
2 107 3932
1 265
0
0
2 3890 1195
1 1716
2 3923 2674
2 2827 3858
1 3463
2 3931 1992
2 4752 1874
1 3215
2 4105 2754
1 343
1 2216
2 131 3815
1 221
2 2669 890
1 4500
1 2902
0
1 33
0
2 2721 1946
2 4561 3202
1 2043
2 3046 4648
0
2 957 1111
2 1611 2615
1 149
2 562 181
0
1 2489
2 1240 3645
2 3391 3569
0
0
1 4591
2 2487 2809
1 1769
1 4870
1 1711
0
0
0
2 1022 1687
0
2 2797 2197
0
0
2 4003 3477
2 4053 3097
0
2 2063 1398
2 928 889
1 4727
2 1284 3807
1 1979
0
0
0
2 3630 4358
2 3637 574
0
1 2872
0
0
2 4632 2712
2 4315 1626
0
2 3739 4817
0
1 4387
1 3148
2 2 1174
0
0
2 2428 1028
2 3774 517
0
0
2 3307 4698
1 1896
2 417 4323
0
1 238
0
0
0
2 2499 3376
1 4817
1 747
1 373
0
1 3044
0
0
2 233 1303
2 2545 3879
1 1504
0
1 4979
0
0
0
0
1 262
1 322
0
0
2 1694 1264
2 3421 3571
2 4032 210
1 3011
0
2 521 4352
0
2 4559 4447
2 3302 424
0
2 3943 2314
1 601
2 3023 3694
1 2750
2 4101 3735
2 4060 3288
1 4308
0
0
0
1 3015
0
1 4687
1 536
0
0
2 2725 420
1 2432
1 2863
1 1817
0
0
1 3675
1 1079
2 905 2327
1 3801
1 1153
2 1294 483
1 1735
0
0
1 1076
2 4225 4407
2 3385 2327
2 1312 1400
2 3931 1109
1 1887
0
0
1 73
2 1086 3038
0
2 4121 1575
0
0
0
0
1 4581
0
2 2649 2918
1 140
2 2819 844
1 2813
0
0
1 3088
0
2 3418 1952
1 558
1 3199
0
1 1920
0
1 728
1 217
2 3213 1255
2 566 3660
2 2538 2931
2 2125 2135
0
1 4348
2 847 190
2 4484 1914
2 188 989
2 2360 3547
1 4666
1 4521
2 1866 2737
1 978
1 3464
2 2023 3307
1 4388
0
1 589
0
1 2102
1 4090
2 1722 4690
2 852 3778
1 133
1 2724
1 4449
2 478 612
2 2665 1108
1 536
0
0
2 200 2349
1 12
2 3277 3007
0
2 4130 1389
0
0
0
2 2911 4470
1 1617
1 2711
2 4042 2837
1 1570
1 2267
1 1864
1 3822
1 79
2 2769 2045
0
0
2 771 3213
0
2 3759 4181
2 4105 3663
0
2 4397 1845
0
2 1382 371
0
0
1 2114
1 3774
2 521 3172
0
1 4617
1 895
0
0
1 2328
1 1746
1 4571
0
0
1 542
2 3151 2151
1 2538
0
1 2476
2 36 628
1 771
2 1590 879
1 4949
0
0
2 3315 423
0
2 4455 4813
2 244 619
2 2617 4023
1 1648
2 1039 1364
1 662
0
0
2 2756 3558
1 2999
1 1653
1 3996
2 4196 2505
1 333
0
1 136
1 808
1 1770
1 4955
2 1448 3389
0
0
0
1 3133
1 703
1 1753
2 2111 1353
2 1428 1298
0
0
1 4539
1 2580
0
1 1128
0
1 3066
2 171 831
1 3770
2 1423 3144
1 719
1 2150
1 4876
1 2443
0
0
0
2 712 1179
2 533 4782
0
1 4143
0
0
0
0
0
0
2 2104 3891
2 75 3098
2 3324 2860
2 2448 2647
2 4382 2682
2 4773 2826
1 3557
2 4336 729
2 3106 1126
1 1119
1 899
1 1821
2 3483 4982
2 4763 3729
2 624 362
0
2 2935 3701
2 4038 2488
1 3011
1 624
0
1 2328
0
1 1431
1 4149
1 1784
2 2545 4760
1 1260
1 1836
2 1787 2809
1 4855
1 3629
2 4677 1055
0
2 399 127
1 4278
2 2528 4759
0
2 2743 4858
1 1316
2 2253 902
1 1600
0
0
1 4598
1 3750
2 576 207
0
1 2277
1 26
0
0
2 2419 1097
1 2485
0
0
2 496 4783
2 1145 4395
0
0
1 2605
0
0
1 380
1 1344
2 3717 1702
0
2 47 4384
2 3487 1010
1 282
0
1 999
1 753
1 477
2 3317 2692
1 1613
1 2491
0
1 689
1 454
2 713 1213
2 3221 2227
2 4291 4635
2 518 4338
0
2 1396 414
0
0
2 1658 2459
2 1466 861
2 4554 1534
2 4360 3971
0
2 4287 4921
2 673 4872
0
1 1419
1 788
2 741 3154
1 4522
1 73
2 2844 3370
2 3480 64
0
1 3979
1 1674
0
2 66 2061
0
0
2 206 254
0
1 659
1 2869
2 3698 798
2 1465 2492
2 2597 4001
0
0
2 1873 1315
2 2666 2157
1 2924
0
0
0
1 3923
0
0
0
1 768
2 3925 2688
2 4988 1312
1 2098
0
1 3459
2 45 3963
2 267 2068
2 1062 1050
1 2064
0
2 2679 3514
2 1159 4470
0
1 1218
2 793 3183
0
0
2 1629 4137
1 2537
1 131
2 3634 973
2 1470 4434
0
2 2652 601
2 4913 4841
2 4960 2604
2 2063 999
1 1338
1 68
0
2 575 1794
2 1011 3026
2 2400 2185
0
2 2700 2858
0
0
0
2 2211 1884
0
2 1889 4428
0
0
1 4675
2 4997 4176
0
0
0
0
1 502
0
1 1970
2 2581 2025
1 3555
2 3542 581
1 2929
2 3202 886
0
1 1840
2 2091 1124
1 1867
2 3503 2355
1 3138
0
1 4023
2 4734 560
0
0
2 636 1093
2 4427 4009
2 1931 3576
2 1480 1219
1 2578
0
0
1 3795
0
0
0
1 1958
1 2651
0
1 1733
1 2448
0
1 865
1 4423
2 246 4301
1 4936
2 3226 2419
0
1 3937
2 3846 1018
1 3926
2 4745 1777
2 3034 662
1 326
0
0
2 3906 4834
2 2414 4444
0
1 4146
0
1 1847
1 4027
1 3485
1 4434
0
0
0
2 28 1243
0
0
0
0
1 4875
0
2 3439 3039
0
0
2 4877 470
2 4492 282
1 2727
0
2 4212 1760
1 688
0
2 2859 3993
2 679 4644
1 2472
1 4289
1 1471
0
0
1 4838
1 4047
0
0
2 4349 1463
0
1 3539
2 4555 4171
2 3867 545
1 658
2 2220 3299
0
1 1346
2 4675 30
1 3959
0
2 1024 2821
2 4848 4810
1 4315
0
0
0
1 2518
0
1 4438
1 3
0
0
2 3644 2535
0
1 1383
0
1 1663
1 4694
0
2 2232 4833
2 3672 4114
2 3877 2125
1 4863
1 3056
2 1372 4858
1 1270
1 954
2 4815 3000
2 2705 3734
1 1835
2 816 791
2 907 784
2 767 3311
1 1869
0
0
0
1 847
2 749 4315
2 4389 1517
0
2 4103 4942
1 2828
2 363 1127
1 4402
1 2793
0
1 2080
2 3484 1339
0
1 3182
1 587
1 508
2 2665 3391
0
2 4562 1294
2 184 2243
2 382 1177
0
2 4351 4088
1 4758
0
1 1185
0
2 736 4543
2 4972 3316
2 2374 4168
2 2963 960
1 660
1 881
1 4507
1 2709
2 2194 153
1 3557
1 1600
0
0
0
2 1537 607
0
1 3971
2 4860 527
2 4697 3365
0
1 291
2 1084 495
2 3284 538
1 1113
1 1548
0
0
2 3749 4910
0
0
1 979
0
1 2220
0
0
2 453 536
1 2225
1 468
1 3406
2 1446 3961
2 273 3081
1 1539
0
2 2634 4268
2 1854 4489
2 4669 1998
1 4878
0
0
1 127
0
1 836
0
2 2705 2808
2 215 2386
2 4301 2414
2 1756 4300
0
2 3571 3904
2 4243 4164
2 2065 863
2 1717 4916
1 3014
0
0
1 1170
1 15
1 322
0
0
1 213
1 3951
2 4759 1992
0
1 1657
0
0
0
0
1 3649
0
1 3227
1 1093
1 1938
0
0
2 3490 2912
1 4251
0
0
0
0
2 469 1054
0
1 1290
0
1 2254
2 841 543
2 2426 4053
2 3659 1579
0
1 1186
2 1596 3153
0
0
0
1 1631
2 243 990
2 3351 2299
1 2327
1 1417
0
0
2 2464 1609
1 882
1 2920
1 4720
1 1660
0
0
1 1660
1 4481
0
2 468 448
1 924
0
0
0
1 3936
1 3901
2 500 293
2 642 4023
2 545 2267
2 1421 1634
0
1 534
0
0
2 918 1795
0
2 1599 3117
2 2295 2258
1 1091
2 2247 3324
1 1107
1 796
0
0
1 4003
0
1 1072
2 3734 2868
2 1918 4270
1 657
0
1 2259
1 1784
2 3183 1338
0
1 2275
2 1360 86
2 2132 2668
1 1679
2 1778 3739
0
1 1453
2 160 1224
2 3721 815
1 3626
2 3769 3853
1 588
2 4071 4681
2 540 4613
0
1 2085
1 3315
1 477
0
1 2373
0
1 556
1 4956
1 3931
0
0
1 4513
2 411 1239
0
0
2 1462 4983
1 4483
2 2924 2751
1 2174
1 278
2 1771 693
0
0
1 2691
2 3699 1230
0
2 3961 2174
2 2581 2008
2 735 2060
1 55
2 1877 2609
1 2222
0
1 89
0
1 4514
1 3861
0
0
2 120 1918
0
2 1116 2702
1 4693
0
0
1 647
0
1 38
0
1 4090
0
0
2 2940 2878
1 756
0
1 4110
0
1 2568
2 4153 4894
2 4668 2873
0
2 3743 4565
2 550 4693
2 1985 4083
0
1 2821
0
2 1989 1875
2 4978 4367
1 3510
2 4914 2221
0
2 2585 398
2 3471 616
2 4357 2157
0
1 4559
2 4064 487
0
1 1385
1 3583
0
2 2544 2970
0
0
2 2989 3067
0
0
1 3169
0
0
0
1 3423
0
0
2 4647 4923
1 4846
1 4961
1 292
2 1623 4733
1 3814
1 3312
0
0
0
2 4192 2715
0
2 1323 4435
0
2 395 2005
0
2 188 2386
1 250
0
2 789 4633
2 2664 3047
2 2734 1337
1 4505
1 244
0
1 3628
2 2831 962
2 1342 1377
0
1 3056
0
2 2036 3879
1 1453
2 1762 987
2 3222 4884
1 140
0
0
0
1 2063
1 1795
1 3181
0
2 3243 2647
1 3250
0
0
2 1716 3567
2 4642 1713
0
1 1831
0
2 3031 576
0
1 1002
0
2 775 4960
1 1100
1 3915
1 851
2 647 1451
2 1802 563
1 4370
2 893 1878
0
0
1 4804
1 2581
2 4246 1261
0
0
1 443
1 3672
0
1 4947
2 2800 444
0
2 807 3184
0
0
1 1898
1 2460
1 211
2 984 3288
2 4534 125
1 2780
2 4255 3187
1 1583
1 307
2 1973 1735
1 1362
0
2 4573 536
0
1 938
1 4902
1 3501
1 783
0
1 2553
2 4908 345
0
0
1 2005
2 3215 4512
2 4874 4691
2 1783 3775
1 3983
1 879
2 866 4663
0
1 2249
2 1395 87
2 4259 2368
0
1 3473
1 3167
1 2551
1 2518
2 4402 2810
2 4256 2497
0
0
0
0
2 2397 1025
1 2841
2 215 2266
2 3242 2705
2 4495 2782
0
2 2787 623
2 855 2489
1 875
2 323 3901
2 4638 3374
2 1838 4436
0
0
0
1 36
0
2 2181 313
1 2716
2 1297 436
2 750 3498
0
1 4575
1 4859
2 2815 717
1 3409
0
2 3570 4836
0
1 75
2 2984 1616
1 204
2 4766 3476
0
2 1126 1620
2 773 2398
0
1 1385
2 3680 320
2 3761 4745
1 2994
1 536
0
2 1262 1911
1 739
0
1 3709
0
1 3877
0
0
1 1345
1 4074
0
2 2088 2539
1 3951
1 4451
2 2075 4693
0
1 2167
1 4432
0
2 2970 261
1 1062
0
1 2003
0
1 785
0
1 3796
0
1 657
2 4008 3837
1 1765
0
2 2297 2812
0
0
2 3424 3784
0
0
2 670 4804
2 3664 3284
2 3813 4763
1 1570
0
0
1 1450
2 2576 1959
2 324 3947
0
2 908 730
2 293 1062
2 4987 2380
1 3028
1 4644
0
0
2 4819 4907
2 81 522
2 3297 3055
2 1820 1281
2 3145 2403
0
0
0
0
2 1718 1875
0
0
1 208
1 1781
2 3357 2336
1 1035
2 3883 2587
1 1354
2 2862 4516
0
2 104 3970
1 3434
0
0
0
1 2023
0
0
0
1 3145
0
0
1 3633
1 1833
0
0
2 45 2901
1 1270
2 1414 3821
2 2755 2542
1 3312
0
0
0
0
0
1 1201
0
2 4125 102
0
0
2 1290 2614
0
2 3571 1043
1 1189
0
0
2 3362 1095
2 662 681
1 2215
2 951 3115
1 924
2 721 2476
1 3053
1 3755
2 3363 1409
0
1 1098
0
2 2572 3827
0
1 2141
0
2 4685 3937
2 2125 1720
1 2574
2 1121 2637
2 3423 2035
2 1924 1136
0
1 1990
2 940 1934
1 2119
0
2 259 4538
0
2 4953 562
1 2459
0
0
2 92 4894
2 2687 3959
1 1854
1 76
0
1 3397
0
0
0
1 438
2 2900 3661
2 3645 4078
0
0
2 1952 3328
0
0
0
0
1 1109
2 1472 4153
0
1 119
2 3105 3053
2 311 3654
0
2 3398 322
2 1458 2968
0
1 743
2 2478 4548
2 4895 532
0
1 1268
2 4648 2151
2 3846 3110
0
1 2371
1 2237
2 2414 839
1 4677
1 77
0
0
1 3769
1 85
2 207 3902
0
2 4382 3771
2 2920 1573
1 2416
2 1077 2921
0
2 1055 1229
0
1 3959
0
2 1791 1631
0
0
2 1463 4695
0
1 2077
2 3206 109
1 4063
1 3900
2 2653 3895
2 1593 2910
0
0
2 421 3296
0
2 4087 4126
0
1 2839
0
0
2 3161 2798
1 4316
0
2 764 3432
0
0
2 3540 599
0
1 632
0
2 1770 2711
0
1 2418
1 2935
1 1865
0
2 2882 2482
1 3036
0
1 4792
2 3119 2328
1 2526
0
0
2 758 4113
2 3977 3949
2 3520 2862
2 1013 3128
0
1 3861
2 1250 198
1 4507
1 4317
2 3130 458
0
2 501 1925
0
1 3723
0
2 2058 3151
0
1 4965
0
0
2 2907 3702
1 2012
1 1566
1 3243
1 99
2 4800 4795
2 576 694
1 2515
2 2207 121
0
2 1843 3773
1 1595
0
1 97
0
1 4581
1 1570
1 1773
1 2330
2 1842 1182
1 3220
1 1544
1 447
2 2299 4187
1 4951
1 3183
2 2292 3607
1 897
0
1 4320
0
2 1854 3321
2 2758 4113
1 4986
0
1 253
1 4480
0
0
2 579 1179
1 4041
2 3011 1604
1 48
1 2378
0
2 3476 4862
1 1092
0
2 1650 1752
1 216
0
1 1981
2 3363 4195
1 541
0
1 3039
0
0
2 3981 2141
0
1 1392
2 2111 4365
1 470
2 1161 3674
2 3841 3475
0
2 1942 2186
1 3787
0
2 4450 683
1 1945
2 3012 1573
0
1 1849
1 850
1 3782
1 3833
2 151 3260
1 2629
2 2265 3267
0
1 656
0
1 572
1 1912
2 4435 2250
1 557
2 2097 3649
0
2 3526 2118
2 537 400
1 1885
0
1 2731
2 1714 2815
1 3820
2 540 3388
1 195
1 255
2 1131 4721
0
2 2377 2637
2 1621 3569
1 1145
2 4117 3603
2 3984 96
1 1622
1 544
2 3178 3040
2 3542 3044
0
1 4005
0
2 1430 3713
1 3575
2 69 1409
2 4248 156
2 497 4651
0
0
2 487 3626
0
0
1 610
0
0
1 4439
1 4258
2 4644 2093
0
0
2 4784 57
0
1 2385
1 846
2 3502 173
2 3527 2429
1 503
0
2 4214 504
2 579 4442
0
0
2 4127 2350
1 1938
2 3854 3358
0
0
1 2241
0
1 3497
0
2 3582 4432
2 2445 885
0
2 2535 38
0
0
2 4271 2540
1 917
0
2 1755 649
0
2 4721 76
0
2 461 781
2 5 4798
2 2289 4948
0
0
0
1 1253
0
2 183 4755
1 1505
2 566 3335
0
0
0
0
1 2249
2 680 2021
1 2171
1 4487
1 2066
1 3749
2 399 4848
2 4993 2015
0
1 3790
2 2264 118
2 2380 2394
0
1 2256
1 2988
1 4416
2 2075 4350
1 3317
1 2436
2 2364 3060
1 1816
0
2 4625 2163
1 3658
1 1796
2 4488 3287
2 4504 800
1 3992
1 1416
2 1968 4954
1 2513
1 2646
1 4042
1 3529
2 1002 3924
0
0
0
0
1 555
2 3086 2147
1 4560
2 1869 1328
0
2 2737 2284
0
2 1073 2823
0
2 1570 3368
2 1242 57
0
1 4959
1 2361
1 3607
1 4469
1 1655
2 3063 2310
1 4015
2 3276 2358
2 1659 751
0
0
1 4453
1 1446
0
1 2269
1 3701
2 283 1649
0
1 730
0
0
0
1 244
2 529 1461
1 3018
2 2187 4995
0
0
2 3021 4843
0
0
2 1640 3271
0
1 4141
0
0
1 2988
1 2956
1 648
1 2776
1 2047
2 4023 2507
1 2415
0
0
1 3602
1 4631
2 3872 2213
0
0
2 1214 4828
0
2 3741 1512
1 207
0
0
1 1232
2 2951 144
1 4788
2 3053 3327
0
1 2559
1 761
2 2813 2115
0
2 1260 2864
0
0
2 2607 2166
1 252
0
2 1923 2253
2 2350 1490
0
0
2 221 3856
2 1031 183
1 800
0
1 1270
1 3819
0
0
2 2465 523
1 1543
2 3233 909
2 2855 4365
1 4324
2 2385 3102
2 1002 4642
2 2124 4927
2 4577 556
1 664
0
0
1 3700
0
2 749 407
0
2 3704 4516
1 1636
0
0
2 4235 326
1 1782
1 3212
0
2 2446 4287
0
1 1917
0
0
0
2 7 4788
0
1 4893
0
1 3517
0
1 3719
2 1308 4133
0
2 2855 3643
1 1292
1 4198
0
2 442 128
1 2039
1 2142
1 164
2 640 4442
1 4391
0
1 2242
1 3945
2 5 204
2 1168 1493
2 2689 1526
1 4728
1 2529
2 1509 16
2 1657 730
1 3343
1 534
0
2 3453 4751
2 1025 3927
2 3538 3104
2 4256 3822
0
1 774
0
2 2383 4980
1 4131
1 155
1 4953
1 1924
0
2 2000 4980
0
1 3376
1 1398
0
0
0
1 2498
0
0
1 2717
2 4790 193
0
2 4690 420
2 1030 1892
2 4248 4748
1 1736
1 4183
0
1 3208
1 1276
2 4265 2138
1 719
1 3425
2 3862 1026
2 3382 3523
0
2 1672 3070
2 2428 2894
1 2637
0
1 4906
0
2 3558 2863
0
0
2 4430 763
1 4804
0
0
0
2 1041 1039
0
1 292
2 1902 2475
0
1 1178
0
2 4828 403
1 1679
2 48 1707
2 1058 3305
0
1 4726
0
2 3202 2088
2 308 1495
1 1487
2 2306 4267
2 2142 2329
1 2314
2 4324 2727
0
1 1104
0
1 4606
2 1345 2156
0
2 1191 3207
1 1953
0
1 3419
1 4202
1 4433
0
2 135 3481
0
1 3763
1 4839
2 1919 3891
1 2301
0
2 1874 2788
0
2 3144 2502
1 2148
2 3205 4549
2 4781 2621
0
1 314
1 1308
1 1391
1 3436
0
1 4602
1 4142
1 3814
1 99
0
2 1319 1256
1 2836
2 3023 4896
2 1539 583
2 629 3075
1 4182
0
0
2 1129 449
1 3951
2 757 2240
2 4809 123
1 1434
2 2168 3856
0
2 1955 1837
2 335 3791
2 870 2421
1 225
1 3460
0
1 1462
1 3705
2 1815 2508
1 2880
0
0
2 1271 5000
2 4784 426
2 4030 3883
2 1777 581
2 1961 1579
1 4960
0
2 3591 4115
2 2726 1667
1 2771
0
0
0
2 1597 2957
2 3010 1238
0
0
1 4162
2 3916 1790
1 2936
2 3835 4513
0
1 1706
0
2 3896 2615
1 1209
0
0
2 4325 4884
0
1 4950
1 1374
2 566 4738
1 2254
1 661
1 4383
2 1198 4405
2 2168 4081
1 1641
0
0
1 582
1 442
0
0
1 2319
1 4045
2 2038 2678
1 3661
0
1 11
2 1828 1185
1 3462
1 2224
1 1467
2 3958 628
0
0
2 3926 4767
0
2 3927 1023
1 975
1 4186
2 4193 3652
2 2325 4983
2 3078 1121
0
0
2 2053 3322
2 1070 3321
1 2111
0
0
1 164
0
2 4584 3300
1 83
1 4293
0
2 2517 4830
1 2219
1 2092
1 3595
2 2732 4945
1 2766
1 1355
0
0
2 2081 1687
2 2232 3124
0
1 1938
2 4416 2439
1 4102
0
2 3829 39
0
0
1 3198
2 449 1244
1 621
0
0
0
1 4274
2 87 4967
0
1 826
1 2126
1 4918
1 3795
2 2649 2391
2 2024 3515
2 3565 3588
2 4260 4173
1 4204
2 369 4378
2 314 2587
2 4306 3767
0
0
2 3639 1798
1 3577
2 4266 3760
0
1 1275
0
2 4305 4379
2 2587 1071
0
0
1 136
0
2 1301 4908
2 401 2433
0
0
2 747 4250
0
1 4374
0
0
2 696 1186
2 1862 1698
2 695 1925
2 4537 4447
1 2472
0
2 3205 127
2 63 4008
2 3360 2082
0
0
2 1925 4915
1 876
2 2220 575
0
2 4920 3148
0
1 3920
2 4746 343
1 1867
1 4446
0
0
2 2830 663
2 834 1456
2 4815 3124
1 2787
0
1 939
0
0
2 2462 2766
2 479 2838
2 3634 1789
2 3105 1747
1 3170
1 4679
2 306 3173
1 508
0
0
2 1321 2383
1 839
1 3974
0
0
0
2 3814 2602
1 4699
0
1 2158
0
0
2 3093 1597
0
2 2707 2046
0
1 2484
2 3336 1973
2 3166 2554
1 4050
0
0
0
0
1 2997
2 2550 1108
2 3111 605
0
1 2555
1 3912
0
0
0
1 1238
0
2 3232 3142
2 2280 430
2 330 623
1 1916
0
2 3646 4146
2 1589 2324
0
1 736
2 3608 1394
0
2 1667 3249
2 3114 1707
2 4096 2573
1 4694
2 487 324
0
1 962
2 3378 3409
2 4264 1040
0
2 3943 2498
2 1989 876
2 4184 4347
1 674
1 4989
0
2 3195 799
0
2 4213 414
2 2900 2154
2 1559 3300
0
0
2 1295 1812
1 936
1 3766
1 3145
1 4474
2 4860 2883
0
2 1544 3456
2 1733 4826
2 4827 97
1 3224
0
2 2282 1018
0
0
2 4868 2699
2 4454 850
2 293 559
0
2 1498 2187
2 4288 1752
1 1796
1 4733
0
1 1438
0
2 1502 690
1 4642
1 3670
0
0
1 3407
1 3538
1 4939
1 1389
1 1387
1 3206
1 2339
0
1 2921
0
0
2 3644 4479
1 1659
0
1 2161
2 484 2613
2 255 4751
0
1 2443
1 2970
0
2 3244 4735
1 680
2 2316 334
0
1 3543
2 518 3978
0
1 879
